0
0
0
0
0
0
18
0 0 0 0.5 400 2315 4032 0 0 -1 -1
1 1 0 1.5 400 1494 2069 0 0 -1 -1
2 2 0 1 400 4821 2630 0 0 -1 -1
3 0 1 0.5 400 -4649 -11 0 0 -1 -1
4 1 1 1.5 400 -2539 260 0 0 -1 -1
5 2 1 1 400 -4688 2860 0 0 -1 -1
6 0 2 0.5 400 2334 -4021 0 0 -1 -1
7 1 2 1.5 400 1045 -2328 0 0 -1 -1
8 2 2 1 400 -133 -5490 0 0 -1 -1
9 3 -1 3 700 6665 5592 -306 -257 1 6
10 3 -1 3 700 -8175 2976 376 -137 1 6
11 3 -1 3 700 1511 -8568 -69 394 1 6
12 3 -1 3 650 2093 8393 -97 -388 1 5
13 3 -1 3 650 -8315 -2384 385 110 1 5
14 3 -1 3 650 6222 -6009 -288 278 1 5
15 3 -1 3 800 4648 7473 -211 -340 1 8
16 3 -1 3 800 -8795 289 400 -13 1 8
17 3 -1 3 800 4148 -7761 -189 353 1 8
0
0
0
2
2
2
18
0 0 0 0.5 400 1928 3574 -310 -367 -1 -1
1 1 0 1.5 400 1393 1896 -71 -121 -1 -1
2 2 0 1 400 4752 2338 -52 -219 -1 -1
3 0 1 0.5 400 -4888 6 -191 14 -1 -1
4 1 1 1.5 400 -2739 261 -140 1 -1 -1
5 2 1 1 400 -4392 2910 222 37 -1 -1
6 0 2 0.5 400 2439 -4237 84 -173 -1 -1
7 1 2 1.5 400 1144 -2502 69 -122 -1 -1
8 2 2 1 400 -324 -5259 -143 174 -1 -1
9 3 -1 3 700 6231 5228 -260 -218 1 6
10 3 -1 3 700 -7642 2782 320 -116 1 6
11 3 -1 3 700 1413 -8010 -59 335 1 6
12 3 -1 3 650 1956 7843 -82 -330 1 5
13 3 -1 3 650 -7770 -2228 327 94 1 5
14 3 -1 3 650 5814 -5615 -245 236 1 5
15 3 -1 3 800 4349 6991 -179 -289 1 8
16 3 -1 3 800 -8228 271 340 -11 1 8
17 3 -1 3 800 3880 -7261 -161 300 1 8
0
0
0
5
5
5
18
0 0 0 0.5 400 1018 3196 -728 -303 -1 -1
1 1 0 1.5 400 1374 1582 -13 -220 -1 -1
2 2 0 1 400 4406 2059 -259 -210 -1 -1
3 0 1 0.5 400 -5318 39 -344 26 -1 -1
4 1 1 1.5 400 -3079 262 -238 1 -1 -1
5 2 1 1 400 -3872 2978 390 51 -1 -1
6 0 2 0.5 400 2626 -4627 150 -312 -1 -1
7 1 2 1.5 400 1313 -2797 118 -207 -1 -1
8 2 2 1 400 -664 -4858 -255 301 -1 -1
9 3 -1 3 700 5843 4903 -233 -195 1 6
10 3 -1 3 700 -7165 2609 286 -104 1 6
11 3 -1 3 700 1325 -7511 -53 299 1 6
12 3 -1 3 650 1834 7351 -73 -295 1 5
13 3 -1 3 650 -7283 -2088 292 84 1 5
14 3 -1 3 650 5449 -5263 -219 211 1 5
15 3 -1 3 800 4082 6560 -160 -258 1 8
16 3 -1 3 800 -7721 255 304 -10 1 8
17 3 -1 3 800 3640 -6814 -144 268 1 8